0.003 1.120 1.120
0.003 1.121 1.122
0.003 1.127 1.127
0.003 1.122 1.123
0.003 1.032 1.032
0.003 1.118 1.119
0.003 1.140 1.140
0.003 1.109 1.110
0.003 1.129 1.129
0.003 1.117 1.117
0.003 1.544 1.544
0.003 1.184 1.184
0.003 1.512 1.513
0.003 1.443 1.443
0.003 1.139 1.139
0.003 1.087 1.087
0.003 1.115 1.115
0.003 2.314 2.315
0.003 1.114 1.114
0.003 1.451 1.452
0.003 1.110 1.110
0.003 1.600 1.601
0.003 1.169 1.169
0.003 1.132 1.132
0.003 1.152 1.152
0.003 2.377 2.377
0.003 1.150 1.150
0.003 1.087 1.087
0.003 1.046 1.046
0.003 1.413 1.414
0.003 1.557 1.557
0.003 1.461 1.462
0.003 1.007 1.008
0.003 1.028 1.028
0.003 1.138 1.138
0.003 1.165 1.165
0.003 1.004 1.005
0.003 1.029 1.029
0.003 1.571 1.572
0.003 1.012 1.012
0.003 1.115 1.115
0.003 1.078 1.079
0.003 1.070 1.070
0.003 1.112 1.112
0.003 1.573 1.574
0.003 1.202 1.202
0.003 1.000 1.001
0.003 1.236 1.237
0.003 1.087 1.087
0.003 2.311 2.311
0.003 1.128 1.128
0.003 1.133 1.133
0.002 1.113 1.113
0.003 1.114 1.114
0.003 1.096 1.096
0.003 1.141 1.141
0.003 1.117 1.117
0.003 1.598 1.599
0.003 1.097 1.097
0.003 1.128 1.128
0.003 1.117 1.117
0.003 1.101 1.101
0.003 1.024 1.024
0.003 1.126 1.127
0.003 1.150 1.150
0.003 1.105 1.105
0.003 1.094 1.094
0.003 1.548 1.549
0.003 1.132 1.133
0.003 2.010 2.010
0.003 1.026 1.026
0.003 1.017 1.017
0.003 1.194 1.195
0.003 1.100 1.100
0.003 1.121 1.121
0.003 1.174 1.174
0.003 1.165 1.165
0.003 2.002 2.003
0.003 1.118 1.118
0.003 1.153 1.153
0.003 1.026 1.026
0.003 1.041 1.042
0.003 1.111 1.111
0.003 0.969 0.970
0.003 1.129 1.129
0.003 1.087 1.087
0.003 1.015 1.015
0.003 1.148 1.148
0.003 1.202 1.202
0.003 1.109 1.109
0.003 1.332 1.332
0.003 1.442 1.442
0.003 1.105 1.106
0.003 1.069 1.069
0.003 1.016 1.016
0.003 1.129 1.129
0.003 1.171 1.172
0.003 1.136 1.137
0.003 1.004 1.005
0.003 1.746 1.746
