0.157 0.710 0.710
0.544 1.104 1.105
0.538 1.102 1.103
0.545 1.109 1.109
0.529 1.084 1.085
0.531 1.086 1.086
0.541 1.115 1.116
0.568 1.124 1.124
0.550 4.056 4.056
0.560 1.136 1.136
0.534 1.528 1.528
0.539 2.710 2.710
0.536 1.116 1.117
0.532 1.089 1.089
0.551 1.104 1.104
0.568 1.137 1.138
0.528 1.102 1.102
0.542 1.099 1.100
0.547 1.131 1.132
0.553 1.100 1.100
0.528 1.084 1.085
0.552 1.144 1.144
0.957 1.497 1.497
0.770 1.336 1.336
0.578 1.179 1.180
0.960 1.536 1.537
0.591 1.282 1.283
0.525 1.066 1.067
0.568 1.134 1.134
0.564 1.511 1.512
0.538 1.115 1.115
0.542 1.105 1.106
0.560 1.117 1.118
0.533 1.085 1.085
0.537 1.094 1.094
0.557 1.125 1.126
0.571 1.204 1.205
0.533 1.496 1.497
0.528 1.086 1.087
0.545 1.496 1.496
0.538 2.324 2.325
0.548 1.112 1.112
0.551 1.103 1.103
0.584 1.128 1.129
0.544 1.090 1.090
0.577 1.130 1.130
0.564 1.550 1.551
0.534 1.502 1.503
0.598 1.201 1.202
0.534 1.078 1.078
0.591 1.187 1.188
0.569 1.116 1.116
0.555 1.113 1.113
0.621 1.197 1.197
0.538 1.499 1.500
0.543 1.099 1.099
0.534 1.106 1.106
0.535 1.489 1.490
0.633 1.229 1.230
0.603 1.223 1.223
1.013 1.950 1.951
0.563 1.549 1.550
0.528 1.543 1.543
0.952 1.512 1.513
0.555 1.130 1.131
0.566 1.127 1.127
0.572 1.226 1.226
0.532 1.112 1.113
0.563 1.194 1.194
0.585 1.138 1.139
0.528 1.073 1.074
0.534 1.092 1.093
0.546 1.188 1.188
0.571 1.180 1.181
0.553 1.116 1.117
0.562 1.204 1.204
0.531 1.082 1.083
0.554 1.530 1.531
0.547 1.114 1.115
0.573 1.263 1.263
1.038 1.424 1.424
0.551 1.103 1.104
0.538 1.148 1.148
0.563 1.158 1.159
0.582 1.169 1.169
0.550 1.112 1.113
0.526 1.481 1.482
0.546 1.093 1.093
0.562 1.541 1.541
0.670 1.336 1.336
0.568 1.127 1.127
0.545 1.102 1.103
0.534 1.099 1.100
0.546 1.085 1.085
0.556 1.130 1.130
0.560 1.104 1.105
0.565 1.160 1.161
0.554 1.135 1.135
0.549 1.108 1.109
0.547 1.107 1.108
