0.527 1.868 1.868
0.517 2.421 2.422
0.536 1.886 1.887
0.530 1.944 1.944
0.515 2.448 2.449
0.553 1.928 1.929
0.525 1.933 1.933
0.537 2.900 2.901
0.560 1.902 1.902
0.529 1.880 1.880
0.536 2.354 2.354
0.524 2.461 2.462
0.509 2.835 2.836
0.566 2.012 2.012
0.547 1.887 1.887
0.522 1.904 1.904
0.515 1.902 1.902
0.558 1.939 1.939
0.513 1.870 1.870
0.529 1.918 1.919
0.528 2.273 2.274
0.929 2.697 2.698
0.543 2.095 2.095
0.545 1.893 1.893
0.510 1.898 1.898
0.520 2.335 2.336
0.543 2.047 2.047
0.516 1.923 1.923
0.510 1.901 1.901
0.514 1.878 1.878
0.512 1.870 1.870
0.562 2.107 2.107
0.516 1.889 1.889
0.711 2.494 2.494
0.531 1.872 1.872
0.545 1.906 1.906
0.541 1.983 1.984
0.514 2.444 2.445
0.524 2.498 2.499
0.531 2.293 2.294
0.521 1.882 1.883
0.529 1.874 1.874
0.524 2.316 2.316
0.529 1.867 1.867
0.526 1.890 1.890
0.527 1.928 1.928
0.532 2.469 2.469
0.550 2.935 2.936
0.518 2.296 2.296
0.553 2.465 2.466
0.528 2.494 2.495
0.518 1.878 1.878
0.585 2.688 2.689
0.517 1.913 1.913
0.518 1.957 1.957
0.519 2.468 2.469
0.509 1.905 1.906
0.554 3.357 3.357
0.566 2.043 2.043
0.525 1.923 1.924
0.569 2.132 2.132
0.520 2.452 2.453
0.521 1.865 1.865
0.995 2.396 2.396
0.516 1.946 1.947
0.531 1.902 1.902
0.644 2.001 2.001
0.529 1.892 1.893
0.582 1.947 1.947
0.553 1.943 1.943
0.518 1.946 1.947
0.531 1.942 1.942
0.548 1.969 1.969
0.511 4.408 4.408
0.530 1.899 1.899
0.514 3.460 3.460
0.537 2.521 2.522
0.542 1.917 1.918
0.527 1.890 1.890
0.523 2.355 2.355
0.522 3.268 3.269
0.533 1.890 1.890
0.529 2.145 2.145
0.553 1.983 1.984
0.576 2.032 2.032
0.539 1.920 1.921
0.540 2.404 2.405
0.604 2.043 2.043
0.547 2.423 2.423
0.514 1.907 1.907
0.534 1.961 1.961
0.521 1.962 1.962
0.549 2.687 2.688
0.550 2.396 2.396
0.588 1.947 1.948
0.523 3.322 3.322
0.566 3.649 3.650
0.943 2.322 2.322
0.527 1.919 1.920
0.531 2.509 2.510
