0.003 1.447 1.447
0.003 1.043 1.043
0.003 1.072 1.072
0.003 1.085 1.086
0.003 1.044 1.044
0.003 1.276 1.276
0.003 1.076 1.076
0.003 1.087 1.087
0.003 1.079 1.079
0.002 1.055 1.055
0.003 1.112 1.112
0.002 1.041 1.041
0.003 1.063 1.063
0.003 1.460 1.460
0.003 1.050 1.050
0.003 1.059 1.060
0.003 1.469 1.469
0.003 1.454 1.455
0.003 1.067 1.067
0.003 1.453 1.454
0.003 1.452 1.452
0.001 1.462 1.463
0.003 1.069 1.069
0.002 1.066 1.066
0.003 1.065 1.066
0.003 1.484 1.484
0.003 1.072 1.072
0.002 1.086 1.086
0.003 1.074 1.074
0.003 1.540 1.540
0.003 1.061 1.061
0.003 1.071 1.071
0.003 1.043 1.043
0.003 1.476 1.477
0.003 1.094 1.094
0.003 1.113 1.113
0.003 1.125 1.126
0.003 1.049 1.049
0.003 1.175 1.175
0.003 1.079 1.079
0.003 1.076 1.076
0.003 1.075 1.075
0.003 1.480 1.481
0.002 1.049 1.049
0.003 1.047 1.047
0.003 1.064 1.064
0.003 1.059 1.059
0.003 1.055 1.055
0.003 1.060 1.060
0.003 1.182 1.182
0.003 1.523 1.524
0.003 1.516 1.516
0.003 1.103 1.103
0.003 1.080 1.081
0.003 1.049 1.049
0.003 1.180 1.180
0.003 1.055 1.055
0.003 1.043 1.043
0.003 1.303 1.303
0.003 1.086 1.086
0.003 1.532 1.533
0.003 1.072 1.073
0.003 1.128 1.128
0.003 1.107 1.107
0.003 1.469 1.469
0.003 1.052 1.052
0.003 1.066 1.066
0.003 1.118 1.119
0.003 1.150 1.150
0.003 1.095 1.095
0.003 1.545 1.546
0.003 1.084 1.084
0.003 1.057 1.058
0.003 1.055 1.055
0.003 1.062 1.062
0.003 1.071 1.071
0.002 1.147 1.147
0.002 1.100 1.101
0.003 1.044 1.044
0.003 1.072 1.072
0.002 1.056 1.057
0.003 1.503 1.503
0.003 1.133 1.133
0.003 1.115 1.115
0.002 1.231 1.231
0.003 1.290 1.290
0.003 1.076 1.076
0.003 1.215 1.215
0.003 1.167 1.167
0.003 4.080 4.080
0.003 1.511 1.512
0.003 1.094 1.094
0.001 1.145 1.145
0.003 1.116 1.116
0.003 1.124 1.125
0.003 2.286 2.286
0.003 2.453 2.453
0.003 1.106 1.106
0.003 1.131 1.132
0.002 1.473 1.473
